nusselt
n_variables: 4
------------------
input_range: [[0.3, 1.5], [26.89532505450274, 10914.562355202192], [0.6944933635068957, 0.7107600754448541], [1.0, 7.0]]
n_points_train: 7000
n_points_test: 1750
